%Launch Control System parameters
optimalSlipRatio = 0.11;
kP_up = 0;
kP_down = 0;
kD = 0;
initialTorque = 8;
gearRatio = 13.75;
CGheight = 0.253; %in meters
wheelbaseLength = 1.53; %in meters
drivelineEfficiency = 0.97;
carMass = 251.54; %kg
nominalWheelRadius = 0.197; %m
maxTorque = 21; %N.m
Q_V1 = 0.0034187; %Tyre radius increase with speed
LONGVL = 10; %speed at which tire data was collected (m/s)
constTorqueSweep = 0;
ss_error = [88.7600822305642	89.0376071734511	89.3159282635258	89.5955216735338	89.8756411218665	90.1570974487717	90.4395677327939	90.7230274541677	91.0072189085757	91.2921635447457	91.5779490537006	91.8650704841512	92.1538219996540	92.4426633861175	92.7316475908439	93.0233476422096	93.3140548464672	93.6068138765075	93.9008352694172	94.1935963586418	94.4902272246880	94.7850545124692	95.0823324329676	95.3805670477720	95.6773405053170	95.9796251709439	96.2765784816892	96.5798042971949	96.8818836230918	97.1820200099624	97.4884554765184	97.7918156429515	98.0954816797520	98.4024904999041	98.7106741896368	99.0162971971637	99.3229760299936	99.6352685042527	99.9456968189332	100.251947408957	100.563483520667	100.880042241698	101.191991422909	101.501286165036	101.815818136898	102.133977310308	102.450217544899	102.764837476883	103.080003333029	103.398093175979	103.717830484257	104.038611025804	104.358062107354	104.676990378339	104.995834151694	105.317468414291	105.642473532163	105.968460834631	106.292050671435	106.613416484075	106.934320342483	107.259506066059	107.589940768712	107.921323952988	108.249126213995	108.573799556954	108.898837703339	109.226231221058	109.557620388520	109.890837841870	110.224478972085	110.556952087659	110.888634132256	111.219104709794	111.550778007769	111.883282978644	112.217375481012	112.553639384360	112.890955325977	113.228632705744	113.566052541840	113.903066229276	114.215812204699	114.289758244755	113.900256205428	113.279060652173	112.733164390424	112.198354150283	111.634280037881	110.933514493048	110.135949298427	109.359016805690	108.639106586335	107.916571727564	107.173639706233	106.353132675249	105.519482145391	104.647914726700	103.860378426952	103.049425460955	102.226651309721	101.395355772490	100.552464810832	99.6676678440701	98.8328030901571	97.9334145266593	97.0868930912248	113.847457906046	114.091542572771	114.335253481610	114.571315620601	114.803635159613	115.040750660533	115.266309702738	115.487374170202	115.703604834984	115.915161433387	116.121907277268	116.324172796249	116.521391514310	116.711009631736	116.895932517738	117.073983505981	117.241232269381	117.390421393644	117.509563498584	117.566711529339	117.608064764311	117.617002661121	117.598437858354	117.565632737393	117.529223501882	117.492187910033	117.458496818515	117.429800793050	117.409787106834	117.407283677002	117.407643009097	117.408044432015	117.408431409518	117.408906502669	117.409450048416	117.410028641612	117.410638458071	117.411319355800	117.412068918419	117.412838418083	117.413620941424	117.414418605911	117.415243459397	117.416106132859	117.416988317386	117.417880810051	117.418789534805	117.419724836362	117.420673500568	117.421619391524	117.422560169749	117.423482929206	117.424412717506	117.425369689457	117.426288630678	117.427131372556	117.427869201235	117.428463523336	117.428881929902	117.429230883249	117.429579943212	117.429909401056	117.430218829445	117.430546395494	117.430873182926	117.431278376144	117.431678559744	117.432055246701	117.432402560566	117.432729422334	117.433037875809	117.433323117412	117.433583482672	117.433842015520	117.434081322697	117.434327736874	117.434560233111	117.434777783961	117.434982586499	117.435175972668];
Q_REO = 1;
DREFF = 0.54832;
BREFF = 1.9697;
FREFF = 0.017609;
FNOMIN = 1295;
unloadedRadius = 0.2032;
Cz = 87563; %(N/m) vertical stiffness

a0 = 0;
a1 = 0;
a2 = 0;
a3 = 0;
a4 = 0;

